Model Comparison Analysis
==================================================


Training with learning rate: 0.001
------------------------------

Epoch-by-epoch comparison:
 Epoch |  LR Accuracy | MLP Accuracy |     MLP Loss
--------------------------------------------------
     1 |       0.6826 |       0.4411 |       0.7692
     2 |       0.6855 |       0.4411 |       0.7691
     3 |       0.6870 |       0.4411 |       0.7691
     4 |       0.6900 |       0.4411 |       0.7690
     5 |       0.6915 |       0.4411 |       0.7690
     6 |       0.6930 |       0.4411 |       0.7689
     7 |       0.6945 |       0.4411 |       0.7689
     8 |       0.6945 |       0.4411 |       0.7688
     9 |       0.6945 |       0.4411 |       0.7687
    10 |       0.6945 |       0.4411 |       0.7687
    11 |       0.6945 |       0.4411 |       0.7686
    12 |       0.6945 |       0.4411 |       0.7686
    13 |       0.6945 |       0.4411 |       0.7685
    14 |       0.6945 |       0.4411 |       0.7685
    15 |       0.6945 |       0.4411 |       0.7684
    16 |       0.6945 |       0.4411 |       0.7684
    17 |       0.6945 |       0.4411 |       0.7683
    18 |       0.6945 |       0.4411 |       0.7682
    19 |       0.6945 |       0.4411 |       0.7682
    20 |       0.6945 |       0.4411 |       0.7681
    21 |       0.6960 |       0.4411 |       0.7681
    22 |       0.6960 |       0.4411 |       0.7680
    23 |       0.6960 |       0.4411 |       0.7680
    24 |       0.6960 |       0.4411 |       0.7679
    25 |       0.6975 |       0.4411 |       0.7679
    26 |       0.6975 |       0.4411 |       0.7678
    27 |       0.7019 |       0.4411 |       0.7677
    28 |       0.7019 |       0.4426 |       0.7677
    29 |       0.7019 |       0.4426 |       0.7676
    30 |       0.7049 |       0.4426 |       0.7676
    31 |       0.7064 |       0.4426 |       0.7675
    32 |       0.7079 |       0.4426 |       0.7675
    33 |       0.7079 |       0.4426 |       0.7674
    34 |       0.7079 |       0.4426 |       0.7674
    35 |       0.7079 |       0.4426 |       0.7673
    36 |       0.7109 |       0.4426 |       0.7673
    37 |       0.7139 |       0.4426 |       0.7672
    38 |       0.7139 |       0.4426 |       0.7671
    39 |       0.7154 |       0.4426 |       0.7671
    40 |       0.7154 |       0.4426 |       0.7670
    41 |       0.7154 |       0.4426 |       0.7670
    42 |       0.7154 |       0.4426 |       0.7669
    43 |       0.7154 |       0.4426 |       0.7669
    44 |       0.7183 |       0.4426 |       0.7668
    45 |       0.7228 |       0.4426 |       0.7668
    46 |       0.7243 |       0.4426 |       0.7667
    47 |       0.7258 |       0.4426 |       0.7667
    48 |       0.7273 |       0.4426 |       0.7666
    49 |       0.7273 |       0.4426 |       0.7665
    50 |       0.7288 |       0.4426 |       0.7665
    51 |       0.7288 |       0.4426 |       0.7664
    52 |       0.7288 |       0.4426 |       0.7664
    53 |       0.7288 |       0.4426 |       0.7663
    54 |       0.7303 |       0.4426 |       0.7663
    55 |       0.7303 |       0.4426 |       0.7662
    56 |       0.7303 |       0.4426 |       0.7662
    57 |       0.7303 |       0.4426 |       0.7661
    58 |       0.7303 |       0.4426 |       0.7661
    59 |       0.7317 |       0.4426 |       0.7660
    60 |       0.7317 |       0.4426 |       0.7660
    61 |       0.7332 |       0.4426 |       0.7659
    62 |       0.7332 |       0.4426 |       0.7659
    63 |       0.7362 |       0.4426 |       0.7658
    64 |       0.7377 |       0.4426 |       0.7657
    65 |       0.7392 |       0.4426 |       0.7657
    66 |       0.7392 |       0.4426 |       0.7656
    67 |       0.7392 |       0.4426 |       0.7656
    68 |       0.7407 |       0.4426 |       0.7655
    69 |       0.7422 |       0.4426 |       0.7655
    70 |       0.7437 |       0.4426 |       0.7654
    71 |       0.7466 |       0.4426 |       0.7654
    72 |       0.7466 |       0.4426 |       0.7653
    73 |       0.7466 |       0.4426 |       0.7653
    74 |       0.7481 |       0.4426 |       0.7652
    75 |       0.7481 |       0.4426 |       0.7652
    76 |       0.7511 |       0.4426 |       0.7651
    77 |       0.7511 |       0.4426 |       0.7651
    78 |       0.7526 |       0.4426 |       0.7650
    79 |       0.7526 |       0.4426 |       0.7650
    80 |       0.7526 |       0.4426 |       0.7649
    81 |       0.7541 |       0.4426 |       0.7649
    82 |       0.7541 |       0.4426 |       0.7648
    83 |       0.7541 |       0.4426 |       0.7647
    84 |       0.7541 |       0.4426 |       0.7647
    85 |       0.7571 |       0.4426 |       0.7646
    86 |       0.7571 |       0.4426 |       0.7646
    87 |       0.7571 |       0.4426 |       0.7645
    88 |       0.7571 |       0.4426 |       0.7645
    89 |       0.7571 |       0.4426 |       0.7644
    90 |       0.7586 |       0.4426 |       0.7644
    91 |       0.7586 |       0.4426 |       0.7643
    92 |       0.7601 |       0.4426 |       0.7643
    93 |       0.7601 |       0.4426 |       0.7642
    94 |       0.7601 |       0.4426 |       0.7642
    95 |       0.7615 |       0.4426 |       0.7641
    96 |       0.7630 |       0.4426 |       0.7641
    97 |       0.7630 |       0.4426 |       0.7640
    98 |       0.7630 |       0.4426 |       0.7640
    99 |       0.7630 |       0.4426 |       0.7639
   100 |       0.7630 |       0.4426 |       0.7639

Training with learning rate: 0.01
------------------------------

Epoch-by-epoch comparison:
 Epoch |  LR Accuracy | MLP Accuracy |     MLP Loss
--------------------------------------------------
     1 |       0.6826 |       0.4039 |       0.7409
     2 |       0.6945 |       0.4054 |       0.7401
     3 |       0.6960 |       0.4054 |       0.7392
     4 |       0.7079 |       0.4054 |       0.7384
     5 |       0.7154 |       0.4039 |       0.7376
     6 |       0.7288 |       0.4039 |       0.7369
     7 |       0.7377 |       0.4069 |       0.7361
     8 |       0.7466 |       0.4083 |       0.7354
     9 |       0.7541 |       0.4158 |       0.7347
    10 |       0.7601 |       0.4128 |       0.7340
    11 |       0.7645 |       0.4098 |       0.7333
    12 |       0.7705 |       0.4069 |       0.7326
    13 |       0.7720 |       0.4069 |       0.7320
    14 |       0.7869 |       0.4069 |       0.7313
    15 |       0.7988 |       0.4143 |       0.7307
    16 |       0.8077 |       0.4128 |       0.7301
    17 |       0.8197 |       0.4128 |       0.7296
    18 |       0.8256 |       0.4173 |       0.7290
    19 |       0.8301 |       0.4173 |       0.7284
    20 |       0.8316 |       0.4203 |       0.7279
    21 |       0.8331 |       0.4218 |       0.7274
    22 |       0.8420 |       0.4203 |       0.7269
    23 |       0.8495 |       0.4232 |       0.7264
    24 |       0.8525 |       0.4292 |       0.7259
    25 |       0.8584 |       0.4352 |       0.7254
    26 |       0.8584 |       0.4382 |       0.7250
    27 |       0.8614 |       0.4426 |       0.7246
    28 |       0.8629 |       0.4441 |       0.7241
    29 |       0.8674 |       0.4441 |       0.7237
    30 |       0.8689 |       0.4471 |       0.7233
    31 |       0.8703 |       0.4441 |       0.7229
    32 |       0.8763 |       0.4516 |       0.7225
    33 |       0.8793 |       0.4575 |       0.7222
    34 |       0.8852 |       0.4575 |       0.7218
    35 |       0.8882 |       0.4650 |       0.7214
    36 |       0.8897 |       0.4694 |       0.7211
    37 |       0.8912 |       0.4784 |       0.7208
    38 |       0.8912 |       0.4784 |       0.7205
    39 |       0.8912 |       0.4844 |       0.7201
    40 |       0.8942 |       0.4814 |       0.7198
    41 |       0.8957 |       0.4829 |       0.7195
    42 |       0.8972 |       0.4933 |       0.7193
    43 |       0.8972 |       0.4963 |       0.7190
    44 |       0.9001 |       0.5022 |       0.7187
    45 |       0.9016 |       0.5097 |       0.7184
    46 |       0.9046 |       0.5142 |       0.7182
    47 |       0.9076 |       0.5112 |       0.7180
    48 |       0.9091 |       0.5127 |       0.7177
    49 |       0.9106 |       0.5156 |       0.7175
    50 |       0.9106 |       0.5216 |       0.7173
    51 |       0.9106 |       0.5276 |       0.7170
    52 |       0.9151 |       0.5365 |       0.7168
    53 |       0.9165 |       0.5380 |       0.7166
    54 |       0.9165 |       0.5410 |       0.7164
    55 |       0.9180 |       0.5440 |       0.7162
    56 |       0.9180 |       0.5425 |       0.7161
    57 |       0.9180 |       0.5425 |       0.7159
    58 |       0.9210 |       0.5440 |       0.7157
    59 |       0.9225 |       0.5499 |       0.7155
    60 |       0.9225 |       0.5529 |       0.7154
    61 |       0.9255 |       0.5574 |       0.7152
    62 |       0.9270 |       0.5589 |       0.7151
    63 |       0.9285 |       0.5604 |       0.7149
    64 |       0.9300 |       0.5633 |       0.7148
    65 |       0.9300 |       0.5618 |       0.7147
    66 |       0.9300 |       0.5663 |       0.7145
    67 |       0.9314 |       0.5693 |       0.7144
    68 |       0.9314 |       0.5693 |       0.7143
    69 |       0.9329 |       0.5723 |       0.7142
    70 |       0.9329 |       0.5723 |       0.7141
    71 |       0.9344 |       0.5723 |       0.7139
    72 |       0.9359 |       0.5753 |       0.7138
    73 |       0.9359 |       0.5753 |       0.7137
    74 |       0.9389 |       0.5753 |       0.7136
    75 |       0.9389 |       0.5768 |       0.7136
    76 |       0.9389 |       0.5768 |       0.7135
    77 |       0.9389 |       0.5782 |       0.7134
    78 |       0.9404 |       0.5782 |       0.7133
    79 |       0.9404 |       0.5812 |       0.7132
    80 |       0.9404 |       0.5797 |       0.7132
    81 |       0.9404 |       0.5842 |       0.7131
    82 |       0.9419 |       0.5842 |       0.7130
    83 |       0.9419 |       0.5857 |       0.7130
    84 |       0.9419 |       0.5887 |       0.7129
    85 |       0.9419 |       0.5902 |       0.7128
    86 |       0.9419 |       0.5902 |       0.7128
    87 |       0.9419 |       0.5902 |       0.7127
    88 |       0.9419 |       0.5917 |       0.7127
    89 |       0.9419 |       0.5917 |       0.7126
    90 |       0.9434 |       0.5946 |       0.7126
    91 |       0.9434 |       0.5946 |       0.7126
    92 |       0.9463 |       0.5931 |       0.7125
    93 |       0.9463 |       0.5931 |       0.7125
    94 |       0.9478 |       0.5946 |       0.7125
    95 |       0.9493 |       0.5931 |       0.7124
    96 |       0.9493 |       0.5931 |       0.7124
    97 |       0.9493 |       0.5946 |       0.7124
    98 |       0.9493 |       0.5961 |       0.7123
    99 |       0.9493 |       0.5961 |       0.7123
   100 |       0.9493 |       0.5961 |       0.7123

Training with learning rate: 0.1
------------------------------

Epoch-by-epoch comparison:
 Epoch |  LR Accuracy | MLP Accuracy |     MLP Loss
--------------------------------------------------
     1 |       0.6826 |       0.5410 |       0.7529
     2 |       0.8197 |       0.5410 |       0.7445
     3 |       0.8674 |       0.5410 |       0.7376
     4 |       0.8972 |       0.5410 |       0.7320
     5 |       0.9151 |       0.5440 |       0.7275
     6 |       0.9300 |       0.5484 |       0.7237
     7 |       0.9359 |       0.5499 |       0.7208
     8 |       0.9419 |       0.5514 |       0.7184
     9 |       0.9478 |       0.5589 |       0.7165
    10 |       0.9493 |       0.5738 |       0.7151
    11 |       0.9523 |       0.5931 |       0.7141
    12 |       0.9553 |       0.6140 |       0.7133
    13 |       0.9553 |       0.6274 |       0.7129
    14 |       0.9553 |       0.6349 |       0.7127
    15 |       0.9568 |       0.6602 |       0.7127
    16 |       0.9583 |       0.6662 |       0.7129
    17 |       0.9583 |       0.6751 |       0.7132
    18 |       0.9598 |       0.6960 |       0.7137
    19 |       0.9613 |       0.7019 |       0.7143
    20 |       0.9627 |       0.7049 |       0.7150
    21 |       0.9642 |       0.7168 |       0.7158
    22 |       0.9642 |       0.7258 |       0.7166
    23 |       0.9642 |       0.7332 |       0.7176
    24 |       0.9657 |       0.7347 |       0.7186
    25 |       0.9687 |       0.7347 |       0.7196
    26 |       0.9687 |       0.7466 |       0.7208
    27 |       0.9687 |       0.7526 |       0.7219
    28 |       0.9687 |       0.7615 |       0.7232
    29 |       0.9687 |       0.7675 |       0.7244
    30 |       0.9687 |       0.7765 |       0.7257
    31 |       0.9687 |       0.7794 |       0.7271
    32 |       0.9702 |       0.7988 |       0.7284
    33 |       0.9702 |       0.8092 |       0.7299
    34 |       0.9702 |       0.8122 |       0.7313
    35 |       0.9717 |       0.8197 |       0.7328
    36 |       0.9732 |       0.8241 |       0.7343
    37 |       0.9732 |       0.8271 |       0.7358
    38 |       0.9732 |       0.8301 |       0.7374
    39 |       0.9732 |       0.8376 |       0.7390
    40 |       0.9747 |       0.8420 |       0.7406
    41 |       0.9747 |       0.8510 |       0.7422
    42 |       0.9747 |       0.8554 |       0.7439
    43 |       0.9747 |       0.8614 |       0.7456
    44 |       0.9747 |       0.8629 |       0.7473
    45 |       0.9747 |       0.8689 |       0.7490
    46 |       0.9747 |       0.8718 |       0.7508
    47 |       0.9747 |       0.8733 |       0.7526
    48 |       0.9747 |       0.8748 |       0.7544
    49 |       0.9747 |       0.8793 |       0.7562
    50 |       0.9747 |       0.8823 |       0.7581
    51 |       0.9747 |       0.8823 |       0.7599
    52 |       0.9762 |       0.8823 |       0.7618
    53 |       0.9762 |       0.8852 |       0.7637
    54 |       0.9762 |       0.8912 |       0.7656
    55 |       0.9762 |       0.8927 |       0.7676
    56 |       0.9762 |       0.8927 |       0.7696
    57 |       0.9776 |       0.8942 |       0.7715
    58 |       0.9776 |       0.8987 |       0.7735
    59 |       0.9776 |       0.9016 |       0.7756
    60 |       0.9776 |       0.9031 |       0.7776
    61 |       0.9776 |       0.9046 |       0.7797
    62 |       0.9776 |       0.9046 |       0.7817
    63 |       0.9776 |       0.9076 |       0.7838
    64 |       0.9776 |       0.9106 |       0.7859
    65 |       0.9776 |       0.9121 |       0.7880
    66 |       0.9791 |       0.9151 |       0.7902
    67 |       0.9791 |       0.9151 |       0.7923
    68 |       0.9791 |       0.9151 |       0.7945
    69 |       0.9791 |       0.9210 |       0.7967
    70 |       0.9791 |       0.9210 |       0.7989
    71 |       0.9791 |       0.9210 |       0.8011
    72 |       0.9806 |       0.9210 |       0.8033
    73 |       0.9806 |       0.9240 |       0.8056
    74 |       0.9806 |       0.9240 |       0.8078
    75 |       0.9806 |       0.9240 |       0.8101
    76 |       0.9806 |       0.9255 |       0.8124
    77 |       0.9806 |       0.9255 |       0.8147
    78 |       0.9806 |       0.9255 |       0.8170
    79 |       0.9806 |       0.9270 |       0.8193
    80 |       0.9806 |       0.9300 |       0.8217
    81 |       0.9806 |       0.9300 |       0.8240
    82 |       0.9806 |       0.9314 |       0.8264
    83 |       0.9806 |       0.9314 |       0.8288
    84 |       0.9806 |       0.9329 |       0.8311
    85 |       0.9806 |       0.9329 |       0.8335
    86 |       0.9806 |       0.9329 |       0.8360
    87 |       0.9806 |       0.9344 |       0.8384
    88 |       0.9806 |       0.9344 |       0.8408
    89 |       0.9806 |       0.9359 |       0.8433
    90 |       0.9806 |       0.9359 |       0.8457
    91 |       0.9806 |       0.9374 |       0.8482
    92 |       0.9806 |       0.9374 |       0.8507
    93 |       0.9806 |       0.9389 |       0.8532
    94 |       0.9806 |       0.9389 |       0.8557
    95 |       0.9806 |       0.9389 |       0.8582
    96 |       0.9806 |       0.9404 |       0.8607
    97 |       0.9806 |       0.9404 |       0.8632
    98 |       0.9806 |       0.9419 |       0.8658
    99 |       0.9806 |       0.9419 |       0.8683
   100 |       0.9806 |       0.9419 |       0.8709

Training with learning rate: 1.0
------------------------------

Epoch-by-epoch comparison:
 Epoch |  LR Accuracy | MLP Accuracy |     MLP Loss
--------------------------------------------------
     1 |       0.6826 |       0.5544 |       0.6941
     2 |       0.8763 |       0.7645 |       0.6992
     3 |       0.8405 |       0.7973 |       0.7077
     4 |       0.9523 |       0.8525 |       0.7195
     5 |       0.9642 |       0.8882 |       0.7349
     6 |       0.9672 |       0.9180 |       0.7547
     7 |       0.9732 |       0.9449 |       0.7797
     8 |       0.9732 |       0.9553 |       0.8100
     9 |       0.9762 |       0.9613 |       0.8448
    10 |       0.9776 |       0.9672 |       0.8828
    11 |       0.9791 |       0.9747 |       0.9225
    12 |       0.9806 |       0.9776 |       0.9630
    13 |       0.9821 |       0.9836 |       1.0039
    14 |       0.9821 |       0.9866 |       1.0450
    15 |       0.9806 |       0.9866 |       1.0861
    16 |       0.9806 |       0.9866 |       1.1269
    17 |       0.9806 |       0.9866 |       1.1670
    18 |       0.9821 |       0.9866 |       1.2062
    19 |       0.9821 |       0.9866 |       1.2443
    20 |       0.9821 |       0.9881 |       1.2811
    21 |       0.9821 |       0.9881 |       1.3167
    22 |       0.9821 |       0.9881 |       1.3509
    23 |       0.9821 |       0.9881 |       1.3838
    24 |       0.9836 |       0.9881 |       1.4153
    25 |       0.9836 |       0.9881 |       1.4455
    26 |       0.9836 |       0.9911 |       1.4742
    27 |       0.9866 |       0.9911 |       1.5016
    28 |       0.9896 |       0.9940 |       1.5275
    29 |       0.9896 |       0.9940 |       1.5523
    30 |       0.9911 |       0.9940 |       1.5758
    31 |       0.9911 |       0.9940 |       1.5984
    32 |       0.9911 |       0.9940 |       1.6200
    33 |       0.9911 |       0.9940 |       1.6409
    34 |       0.9911 |       0.9940 |       1.6611
    35 |       0.9911 |       0.9940 |       1.6806
    36 |       0.9925 |       0.9940 |       1.6996
    37 |       0.9940 |       0.9940 |       1.7179
    38 |       0.9940 |       0.9940 |       1.7358
    39 |       0.9940 |       0.9940 |       1.7532
    40 |       0.9940 |       0.9955 |       1.7701
    41 |       0.9940 |       0.9955 |       1.7866
    42 |       0.9940 |       0.9955 |       1.8027
    43 |       0.9940 |       0.9955 |       1.8184
    44 |       0.9940 |       0.9955 |       1.8337
    45 |       0.9940 |       0.9955 |       1.8487
    46 |       0.9940 |       0.9955 |       1.8633
    47 |       0.9940 |       0.9955 |       1.8777
    48 |       0.9940 |       0.9955 |       1.8916
    49 |       0.9940 |       0.9955 |       1.9053
    50 |       0.9940 |       0.9955 |       1.9188
    51 |       0.9940 |       0.9955 |       1.9319
    52 |       0.9940 |       0.9955 |       1.9448
    53 |       0.9940 |       0.9955 |       1.9574
    54 |       0.9940 |       0.9955 |       1.9698
    55 |       0.9940 |       0.9955 |       1.9820
    56 |       0.9940 |       0.9955 |       1.9939
    57 |       0.9940 |       0.9955 |       2.0056
    58 |       0.9955 |       0.9955 |       2.0172
    59 |       0.9955 |       0.9955 |       2.0285
    60 |       0.9955 |       0.9955 |       2.0396
    61 |       0.9955 |       0.9955 |       2.0506
    62 |       0.9955 |       0.9955 |       2.0613
    63 |       0.9955 |       0.9955 |       2.0719
    64 |       0.9955 |       0.9955 |       2.0824
    65 |       0.9955 |       0.9955 |       2.0927
    66 |       0.9955 |       0.9955 |       2.1028
    67 |       0.9955 |       0.9955 |       2.1128
    68 |       0.9955 |       0.9955 |       2.1226
    69 |       0.9955 |       0.9955 |       2.1323
    70 |       0.9955 |       0.9955 |       2.1418
    71 |       0.9955 |       0.9955 |       2.1512
    72 |       0.9955 |       0.9955 |       2.1605
    73 |       0.9955 |       0.9955 |       2.1697
    74 |       0.9955 |       0.9955 |       2.1787
    75 |       0.9955 |       0.9955 |       2.1877
    76 |       0.9955 |       0.9955 |       2.1965
    77 |       0.9955 |       0.9955 |       2.2052
    78 |       0.9955 |       0.9955 |       2.2138
    79 |       0.9955 |       0.9955 |       2.2223
    80 |       0.9955 |       0.9955 |       2.2306
    81 |       0.9955 |       0.9955 |       2.2389
    82 |       0.9955 |       0.9955 |       2.2471
    83 |       0.9955 |       0.9955 |       2.2552
    84 |       0.9955 |       0.9955 |       2.2632
    85 |       0.9955 |       0.9970 |       2.2711
    86 |       0.9955 |       0.9970 |       2.2789
    87 |       0.9955 |       0.9970 |       2.2867
    88 |       0.9955 |       0.9970 |       2.2943
    89 |       0.9955 |       0.9970 |       2.3019
    90 |       0.9955 |       0.9970 |       2.3093
    91 |       0.9955 |       0.9970 |       2.3167
    92 |       0.9955 |       0.9970 |       2.3241
    93 |       0.9955 |       0.9970 |       2.3313
    94 |       0.9955 |       0.9970 |       2.3385
    95 |       0.9955 |       0.9970 |       2.3456
    96 |       0.9955 |       0.9970 |       2.3526
    97 |       0.9955 |       0.9970 |       2.3596
    98 |       0.9955 |       0.9970 |       2.3665
    99 |       0.9955 |       0.9970 |       2.3733
   100 |       0.9955 |       0.9970 |       2.3801

Training with learning rate: 10.0
------------------------------

Epoch-by-epoch comparison:
 Epoch |  LR Accuracy | MLP Accuracy |     MLP Loss
--------------------------------------------------
     1 |       0.6826 |       0.4590 |       1.0476
     2 |       0.8420 |       0.5410 |       6.5396
     3 |       0.7958 |       0.6975 |       1.4147
     4 |       0.9493 |       0.6870 |       2.0006
     5 |       0.9672 |       0.4590 |       2.8653
     6 |       0.9672 |       0.7705 |       3.7550
     7 |       0.9672 |       0.9285 |       2.4219
     8 |       0.9657 |       0.9657 |       2.4180
     9 |       0.9702 |       0.9836 |       2.4707
    10 |       0.9747 |       0.9911 |       2.4612
    11 |       0.9717 |       0.9881 |       2.5593
    12 |       0.9747 |       0.9940 |       2.5768
    13 |       0.9762 |       0.9940 |       2.6324
    14 |       0.9791 |       0.9940 |       2.6642
    15 |       0.9776 |       0.9940 |       2.7021
    16 |       0.9806 |       0.9940 |       2.7353
    17 |       0.9776 |       0.9940 |       2.7686
    18 |       0.9806 |       0.9955 |       2.8004
    19 |       0.9806 |       0.9970 |       2.8310
    20 |       0.9806 |       0.9985 |       2.8605
    21 |       0.9806 |       0.9985 |       2.8889
    22 |       0.9806 |       0.9985 |       2.9164
    23 |       0.9806 |       0.9985 |       2.9432
    24 |       0.9806 |       0.9985 |       2.9695
    25 |       0.9821 |       0.9985 |       2.9953
    26 |       0.9821 |       0.9985 |       3.0205
    27 |       0.9851 |       0.9985 |       3.0448
    28 |       0.9866 |       1.0000 |       3.0681
    29 |       0.9881 |       1.0000 |       3.0907
    30 |       0.9881 |       1.0000 |       3.1124
    31 |       0.9896 |       1.0000 |       3.1333
    32 |       0.9896 |       1.0000 |       3.1532
    33 |       0.9911 |       1.0000 |       3.1723
    34 |       0.9896 |       1.0000 |       3.1906
    35 |       0.9896 |       1.0000 |       3.2084
    36 |       0.9911 |       1.0000 |       3.2257
    37 |       0.9911 |       1.0000 |       3.2426
    38 |       0.9925 |       1.0000 |       3.2591
    39 |       0.9911 |       1.0000 |       3.2753
    40 |       0.9925 |       1.0000 |       3.2912
    41 |       0.9925 |       1.0000 |       3.3067
    42 |       0.9925 |       1.0000 |       3.3220
    43 |       0.9925 |       1.0000 |       3.3370
    44 |       0.9940 |       1.0000 |       3.3518
    45 |       0.9940 |       1.0000 |       3.3663
    46 |       0.9940 |       1.0000 |       3.3806
    47 |       0.9940 |       1.0000 |       3.3946
    48 |       0.9940 |       1.0000 |       3.4085
    49 |       0.9940 |       1.0000 |       3.4223
    50 |       0.9940 |       1.0000 |       3.4358
    51 |       0.9940 |       1.0000 |       3.4492
    52 |       0.9940 |       1.0000 |       3.4625
    53 |       0.9940 |       1.0000 |       3.4756
    54 |       0.9940 |       1.0000 |       3.4885
    55 |       0.9940 |       1.0000 |       3.5011
    56 |       0.9940 |       1.0000 |       3.5134
    57 |       0.9940 |       1.0000 |       3.5254
    58 |       0.9940 |       1.0000 |       3.5371
    59 |       0.9940 |       1.0000 |       3.5486
    60 |       0.9940 |       1.0000 |       3.5598
    61 |       0.9940 |       1.0000 |       3.5707
    62 |       0.9940 |       1.0000 |       3.5814
    63 |       0.9940 |       1.0000 |       3.5919
    64 |       0.9940 |       1.0000 |       3.6022
    65 |       0.9940 |       1.0000 |       3.6122
    66 |       0.9940 |       1.0000 |       3.6221
    67 |       0.9940 |       1.0000 |       3.6317
    68 |       0.9940 |       1.0000 |       3.6412
    69 |       0.9940 |       1.0000 |       3.6504
    70 |       0.9940 |       1.0000 |       3.6595
    71 |       0.9940 |       1.0000 |       3.6684
    72 |       0.9940 |       1.0000 |       3.6771
    73 |       0.9940 |       1.0000 |       3.6857
    74 |       0.9940 |       1.0000 |       3.6941
    75 |       0.9940 |       1.0000 |       3.7024
    76 |       0.9940 |       1.0000 |       3.7106
    77 |       0.9940 |       1.0000 |       3.7187
    78 |       0.9940 |       1.0000 |       3.7266
    79 |       0.9940 |       1.0000 |       3.7345
    80 |       0.9940 |       1.0000 |       3.7422
    81 |       0.9940 |       1.0000 |       3.7499
    82 |       0.9940 |       1.0000 |       3.7575
    83 |       0.9940 |       1.0000 |       3.7649
    84 |       0.9940 |       1.0000 |       3.7724
    85 |       0.9940 |       1.0000 |       3.7797
    86 |       0.9940 |       1.0000 |       3.7870
    87 |       0.9940 |       1.0000 |       3.7941
    88 |       0.9940 |       1.0000 |       3.8013
    89 |       0.9940 |       1.0000 |       3.8083
    90 |       0.9940 |       1.0000 |       3.8153
    91 |       0.9940 |       1.0000 |       3.8222
    92 |       0.9940 |       1.0000 |       3.8290
    93 |       0.9940 |       1.0000 |       3.8358
    94 |       0.9940 |       1.0000 |       3.8426
    95 |       0.9940 |       1.0000 |       3.8492
    96 |       0.9940 |       1.0000 |       3.8558
    97 |       0.9940 |       1.0000 |       3.8624
    98 |       0.9940 |       1.0000 |       3.8689
    99 |       0.9940 |       1.0000 |       3.8753
   100 |       0.9940 |       1.0000 |       3.8817


Summary Statistics
==================================================

Learning Rate | LR Accuracy  | MLP Accuracy | MLP Time (s) |    MLP FLOPs   
--------------------------------------------------------------------------------
 1.000e-03   |    0.7630    |    0.4426    |    0.117     |    9.47e+06    
 1.000e-02   |    0.9493    |    0.5961    |    0.106     |    9.47e+06    
 1.000e-01   |    0.9806    |    0.9419    |    0.103     |    9.47e+06    
 1.000e+00   |    0.9955    |    0.9970    |    0.103     |    9.47e+06    
 1.000e+01   |    0.9940    |    1.0000    |    0.101     |    9.47e+06    
